-1.2117e+00 -1.2469e+00
1.6636e+00 3.4301e-01
9.7909e-01 -9.5821e-03
1.5589e+00 6.7099e-01
7.7746e-01 -5.2525e-01
-9.5845e-01 -2.9081e-01
1.6709e+00 -1.2377e-01
2.8401e-01 1.7362e+00
-1.0930e+00 1.3433e+00
7.5533e-01 -4.7773e-01
3.0890e-01 -8.1752e-01
-3.9190e-01 -7.1122e-01
1.7127e-01 -9.2690e-01
-1.8710e-01 1.6838e+00
1.7283e+00 -3.0994e-01
1.3470e+00 -1.1091e+00
-7.9029e-02 -9.4902e-01
7.6842e-01 -6.3320e-01
-1.8366e+00 2.7859e-01
-4.0873e-01 6.8440e-01
1.2776e-01 1.7676e+00
1.1712e+00 -1.4505e+00
1.3546e+00 1.1257e+00
-1.5487e+00 -8.8803e-01
-9.2947e-01 1.3010e-01
7.0507e-01 3.9684e-01
-8.5820e-01 -1.7522e-01
-3.2954e-01 -1.6452e+00
1.8107e-01 9.3838e-01
-2.5164e-01 -7.4911e-01
5.4520e-01 -5.4509e-01
-1.5194e+00 8.9883e-01
-9.3108e-01 -1.7575e-02
2.8119e-01 9.3590e-01
-7.7611e-01 4.3885e-02
5.6502e-01 -7.0350e-01
-1.0788e+00 -1.2049e+00
2.1560e-01 -1.7308e+00
-1.2500e+00 -1.2494e+00
-1.4829e+00 6.8792e-01
-8.0460e-01 -5.0793e-01
6.1215e-01 -8.1242e-01
9.4966e-01 5.7304e-02
1.3189e+00 -1.1740e+00
-1.0999e+00 1.3738e+00
-6.7707e-01 -1.5939e+00
-8.3881e-01 3.0591e-01
1.6798e+00 -6.1519e-01
5.0080e-01 5.6990e-01
-6.7120e-01 -6.9049e-01
9.1668e-01 4.4731e-01
-8.2539e-01 -3.9917e-01
9.4581e-02 -1.6934e+00
1.2607e-01 -6.7761e-01
-2.8640e-01 -1.5977e+00
-4.9537e-02 -9.8932e-01
1.6305e+00 -6.1056e-01
-7.8897e-01 -1.5898e+00
8.1205e-01 5.9765e-02
-9.0555e-01 1.4491e-01
-1.3129e+00 -1.1892e+00
1.5375e+00 9.9201e-01
-8.1634e-01 3.9689e-01
-5.9204e-01 1.7322e+00
6.2721e-02 8.3466e-01
-1.6272e-02 9.2352e-01
-5.5927e-01 -1.8151e+00
-5.9305e-01 -7.8349e-01
-1.3469e+00 -1.1459e+00
-9.7698e-01 1.4387e-01
1.6340e+00 1.5774e-01
-1.6916e+00 -1.0596e+00
7.2680e-01 1.9457e-01
-7.3215e-01 5.2546e-01
7.4808e-01 1.5571e+00
-1.4277e-01 -1.7118e+00
3.9356e-02 8.7997e-01
-2.2990e-01 1.8481e+00
5.2860e-01 1.6576e+00
3.9519e-01 -6.6459e-01
7.5574e-01 -3.7826e-01
-1.6518e+00 -6.2624e-01
-1.0824e+00 -1.2762e+00
-1.3683e+00 -1.3007e+00
6.0354e-01 6.6703e-01
-7.6584e-01 1.4431e+00
5.9570e-01 -4.6885e-01
-9.3672e-01 -1.5152e+00
-6.9406e-02 -1.7772e+00
-1.7593e+00 8.5024e-02
3.7534e-01 -1.7589e+00
1.5443e-02 -1.7778e+00
-1.1786e+00 1.0631e+00
1.7359e+00 4.0285e-01
-6.3228e-01 -4.1892e-01
-1.0374e-01 -1.0104e+00
1.5567e+00 -1.1298e+00
-5.7473e-01 1.6647e+00
1.7589e+00 5.0307e-01
1.5529e-01 9.4650e-01
-6.9409e-01 3.4720e-01
3.2051e-01 -8.8758e-01
9.8468e-01 1.5604e+00
1.0148e-01 8.9028e-01
-1.0256e+00 6.0752e-02
1.3301e-01 1.0368e+00
-1.7029e+00 5.8251e-01
-1.3098e+00 -9.4202e-01
4.4409e-01 -1.7075e+00
-9.1335e-01 3.2301e-01
-2.8956e-02 1.8538e+00
1.7168e+00 1.5701e-01
1.6513e+00 6.8106e-01
1.2405e+00 1.0457e+00
-3.0127e-01 -8.6814e-01
2.0119e-01 8.1503e-01
1.6181e+00 4.2218e-01
-3.4587e-01 -6.7782e-01
7.6524e-01 4.9997e-01
-2.3233e-01 -1.7972e+00
1.5169e+00 7.7536e-01
1.7113e+00 -7.2607e-01
-1.2235e+00 -1.2467e+00
-5.4299e-01 -1.6705e+00
-1.0814e+00 -1.5529e+00
-3.0731e-01 9.0235e-01
-1.6817e+00 -6.4808e-01
-1.8350e+00 -3.1428e-01
4.4936e-01 -6.6900e-01
-7.0521e-02 9.0893e-01
1.0690e+00 2.8958e-01
2.6800e-01 8.3695e-01
-2.8281e-01 1.7760e+00
-3.1215e-01 -8.7570e-01
1.4240e+00 -1.0183e+00
-1.5730e+00 1.0401e+00
4.4348e-01 1.7432e+00
-1.3661e+00 1.1460e+00
-9.9222e-01 3.9934e-01
7.1163e-01 -1.5633e+00
-1.6229e+00 7.2862e-01
9.6408e-01 -1.5085e+00
2.8919e-01 7.8869e-01
8.6015e-01 2.0988e-01
-8.8782e-02 1.7392e+00
-1.9566e+00 -4.6331e-02
1.4564e-01 -1.5751e+00
-1.6724e+00 6.7748e-01
7.0981e-01 -3.0239e-01
1.7397e+00 1.0705e-01
-1.5273e+00 1.1799e+00
-8.3822e-01 -5.0402e-01
1.7505e+00 4.4757e-01
1.5489e-01 9.1858e-01
9.6778e-01 2.5916e-01
-3.6046e-02 7.3696e-01
8.8439e-01 -3.2852e-01
-1.7744e+00 1.3006e-01
-8.0992e-02 8.3914e-01
1.6241e+00 -8.0113e-01
-4.0346e-01 -8.4411e-01
1.5451e+00 -8.8550e-01
-4.0642e-01 1.7827e+00
-8.2412e-01 -3.1989e-01
4.5447e-01 -6.9862e-01
2.8961e-01 7.1419e-01
-9.7831e-01 3.5715e-01
7.7290e-01 -5.1501e-01
-1.4991e+00 7.0768e-01
1.7596e+00 3.5401e-01
-1.5476e+00 -8.9644e-01
9.0685e-01 3.1164e-01
6.8015e-01 -3.7790e-01
-1.5173e-01 1.8167e+00
-3.9859e-01 7.1068e-01
-1.6093e+00 -8.4641e-01
4.2349e-01 1.4838e+00
-8.2639e-01 -1.7108e+00
5.2571e-01 -6.9974e-01
1.1797e+00 -1.2136e+00
-1.5238e+00 9.8252e-01
-5.4906e-01 1.5369e+00
1.7619e+00 -5.0975e-01
1.9163e+00 -2.5237e-02
6.1958e-01 -1.6993e+00
1.4146e+00 1.1137e+00
1.5295e+00 -1.1765e+00
1.2799e+00 1.3213e+00
-1.6973e+00 -7.3798e-01
7.8399e-01 1.7391e+00
-1.6109e+00 8.4702e-01
-7.4662e-01 -5.2074e-01
-7.1800e-01 4.1284e-01
-1.3769e+00 -1.1146e+00
1.8653e-01 -7.4731e-01
-6.2927e-01 1.6542e+00
-8.2559e-01 1.4594e-01
1.3862e+00 1.0075e+00
-1.0892e+00 1.3874e+00
-1.5544e+00 1.0925e+00
-1.6732e+00 -4.4607e-01
1.6925e+00 3.4979e-01
3.0685e-01 9.0405e-01
1.1980e+00 1.2913e+00
-2.2943e-01 6.8458e-01
1.5132e-01 1.7354e+00
8.9717e-01 1.4960e+00
-1.3686e+00 -1.0676e+00
4.7796e-01 -1.7015e+00
-2.4512e-01 9.0461e-01
9.3986e-01 1.3621e-02
5.9913e-02 -1.7890e+00
1.8944e+00 8.2277e-02
8.9450e-01 -1.0496e-01
-7.8755e-01 -3.3277e-01
-1.2957e+00 -1.1959e+00
-4.6366e-01 -7.0559e-01
6.3734e-01 5.4146e-01
7.3430e-01 -1.5448e+00
-8.2150e-01 2.2804e-01
3.3464e-01 9.0059e-01
6.2661e-01 1.7207e+00
1.6906e+00 -3.7616e-01
1.0703e+00 -1.5036e+00
-3.3446e-01 -1.8873e+00
-1.3974e+00 -9.2438e-01
9.0064e-01 -1.9966e-01
-7.5962e-01 -2.3445e-01
-1.7656e+00 -5.1751e-01
1.0424e+00 1.3629e+00
1.6175e+00 -3.4159e-01
2.1916e-01 -8.5325e-01
5.7337e-01 -6.7886e-01
1.6526e+00 -8.0775e-01
3.1680e-01 -1.6636e+00
5.0881e-01 7.5781e-01
-9.0616e-01 -1.9621e-01
8.6201e-01 -1.4816e-01
-5.5231e-01 1.8514e+00
-8.6901e-01 -1.4060e-01
-1.9596e-01 8.6516e-01
1.6557e+00 6.6669e-01
-4.0612e-01 7.0920e-01
3.4768e-01 -7.7002e-01
1.4415e+00 7.3374e-01
-8.7053e-01 -3.5242e-01
-2.8951e-02 -8.6298e-01
-4.9208e-01 -1.7047e+00
-5.7637e-01 5.3697e-01
-1.2158e+00 1.2277e+00
5.3567e-01 -3.7219e-01
1.3730e+00 -1.1761e+00
-5.6518e-01 1.5046e+00
-1.7993e-01 7.8994e-01
-5.6738e-01 8.2847e-01
-3.0152e-01 -9.3593e-01
-3.7626e-01 1.6268e+00
6.7928e-01 -5.3673e-01
1.8918e+00 -4.2452e-01
-7.8233e-01 4.6671e-01
-1.6407e+00 -1.1162e+00
1.1809e+00 -1.0577e+00
3.7166e-01 9.1514e-01
-1.5412e+00 1.0026e+00
-6.3853e-01 -4.5154e-01
7.4916e-01 -1.5400e+00
1.3437e-01 -8.9146e-01
-2.0210e-01 8.8571e-01
-1.6925e+00 2.0754e-01
-6.9017e-01 -1.6570e-01
7.0949e-01 -6.3876e-01
1.0468e+00 -6.9995e-02
6.6651e-01 -3.7584e-01
9.3464e-01 -5.5938e-01
-5.4162e-01 7.0275e-01
-6.6764e-01 -1.7362e+00
-9.5754e-01 -1.9771e-01
5.3986e-02 1.7029e+00
-1.4899e+00 1.1149e+00
5.8983e-01 -7.4100e-01
3.5362e-01 -7.4520e-01
7.4840e-01 -3.9322e-01
4.3414e-01 -8.5762e-01
-2.9371e-01 8.0109e-01
-6.3719e-01 5.6578e-01
1.7158e+00 -9.5004e-01
-3.8812e-01 7.1426e-01
-3.2732e-01 -1.7281e+00
-8.7021e-01 3.0762e-03
-1.7837e+00 5.1158e-01
-4.6236e-01 -6.2209e-01
1.7886e+00 -1.4843e-01
1.6065e+00 7.1496e-01
-5.2453e-02 -1.8054e+00
-9.1314e-01 -5.9219e-02
-4.2244e-01 1.8128e+00
-4.5333e-02 8.9531e-01
-3.1829e-01 7.9610e-01
8.1804e-01 -1.9377e-01
-1.3670e+00 -1.1084e+00
8.6791e-01 -1.5352e+00
1.2990e+00 -1.1846e+00
-1.6019e+00 7.7175e-01
6.3193e-01 1.6203e+00
8.8270e-01 -1.5450e+00
-1.2108e+00 -1.4255e+00
1.7538e+00 6.2424e-01
-7.4596e-01 4.1255e-01
-9.5566e-01 1.5405e-01
-1.8516e+00 2.4813e-01
8.3977e-01 2.0910e-01
-1.3550e+00 -1.1322e+00
5.3346e-01 8.2222e-01
1.5483e+00 -8.8149e-01
-1.5863e+00 -6.7143e-01
-8.2585e-01 -4.6921e-01
1.7571e-01 8.6786e-01
-7.5126e-01 -3.8270e-01
1.6899e+00 9.2266e-01
-6.1114e-01 1.6549e+00
-1.5500e+00 7.1185e-01
7.1813e-01 5.2604e-01
-9.1666e-01 -4.1283e-01
9.7714e-01 -1.9358e-01
1.6187e+00 8.7782e-01
-1.9662e-01 8.9012e-01
-1.5877e-01 -1.8228e+00
-5.1988e-01 -1.6652e+00
-7.0466e-01 4.5926e-01
-5.1455e-01 4.5330e-01
-1.8073e+00 -6.7757e-02
6.4374e-01 5.2698e-01
-5.3192e-01 -4.1292e-01
1.5445e+00 4.9504e-01
-1.1803e+00 1.4526e+00
-3.4575e-01 9.7363e-01
7.2648e-01 -5.2925e-01
1.0808e+00 1.5422e+00
3.8656e-01 -7.6997e-01
-9.2890e-01 3.1430e-01
-1.4953e+00 -9.4068e-01
9.7251e-01 1.5276e+00
-1.3455e-01 1.9788e+00
-6.3594e-01 6.9799e-01
3.1840e-01 -9.2139e-01
-7.4174e-01 4.1203e-01
-7.1650e-01 5.3955e-01
8.5278e-02 -7.6753e-01
8.0455e-02 -1.7292e+00
3.0965e-01 -8.9216e-01
7.3700e-01 3.6782e-01
-3.2134e-01 -9.4551e-01
-8.8023e-01 -1.6829e+00
-1.5059e+00 8.4517e-02
4.5272e-01 -7.5510e-01
-3.1372e-01 -8.7609e-01
-4.4941e-01 -8.0740e-01
6.2042e-01 -6.0157e-01
-7.6683e-01 -1.4993e+00
8.1279e-01 5.1505e-01
4.0388e-01 -1.6699e+00
1.4901e+00 6.4379e-01
-9.2449e-02 -7.7110e-01
-2.7071e-01 -1.6347e+00
1.3333e+00 1.3170e+00
4.5432e-01 7.4575e-01
-7.9779e-01 -5.2040e-01
-2.6010e-01 -8.7558e-01
1.6009e+00 6.8456e-01
-5.3481e-01 6.4374e-01
1.4000e+00 1.0844e+00
-1.0828e+00 -1.3876e+00
1.8595e-01 -8.8687e-01
1.8051e+00 -1.4963e-01
2.3919e-01 -8.6289e-01
-7.7297e-01 1.5139e+00
1.4540e+00 -1.0015e+00
1.7038e+00 -3.8029e-01
3.9362e-01 -1.7529e+00
2.2705e-02 1.7769e+00
3.7773e-01 1.6932e+00
3.2657e-01 -7.3201e-01
-1.5029e+00 7.1165e-01
1.7405e+00 1.5983e-01
-3.2813e-01 -1.6574e+00
5.4733e-01 -6.2573e-01
-1.1121e+00 -1.4885e+00
3.4794e-02 -1.8008e+00
-8.5189e-01 -1.3945e-01
-1.7506e+00 -1.6636e-01
3.9035e-01 8.6056e-01
-6.2933e-01 -6.3163e-01
5.6736e-01 -4.2201e-01
7.4863e-01 5.8409e-01
-9.8186e-01 9.6858e-02
9.0753e-01 -5.2789e-01
1.2959e+00 -1.3415e+00
-1.5902e-01 -8.1333e-01
1.8689e+00 1.6573e-03
-3.8554e-01 8.1466e-01
-9.0914e-01 1.0177e-01
9.1146e-01 -1.5862e+00
2.0978e-01 9.4018e-01
-6.8059e-01 4.0735e-01
8.5444e-01 -2.1811e-01
-7.5852e-01 4.1784e-01
8.1187e-01 -1.5638e+00
-7.8900e-01 2.6232e-01
2.9227e-01 6.8432e-01
1.0173e+00 1.5351e-01
-1.7629e+00 -8.5377e-01
-6.9330e-01 -1.6351e+00
-2.2744e-01 7.6273e-01
-3.5664e-01 -9.3859e-01
-1.8508e+00 -3.4933e-01
-9.1959e-02 -8.2962e-01
-7.6571e-01 -8.3431e-02
-8.5147e-01 -2.4606e-01
7.6208e-01 3.8652e-01
8.8448e-01 3.4326e-01
7.4126e-01 -4.6935e-01
1.4971e+00 -8.8274e-01
1.3410e+00 -1.2301e+00
-8.8617e-01 -1.9446e-01
4.1901e-01 7.6435e-01
2.7722e-01 -7.1257e-01
1.0125e+00 -1.3571e+00
-9.0787e-01 1.4412e+00
1.7866e+00 -5.2935e-01
1.4922e+00 -1.1397e+00
7.8096e-01 6.2746e-01
-1.3870e+00 -8.7538e-01
6.2050e-01 9.1122e-01
-8.5338e-01 1.5402e+00
-1.7357e+00 -6.5970e-01
-7.1634e-01 -3.3838e-01
-9.7576e-01 1.6184e+00
-7.7513e-01 2.9827e-01
1.3102e-01 -9.0059e-01
-1.0791e+00 -1.5483e+00
3.7158e-01 -8.4437e-01
-1.5687e+00 -7.1760e-01
-7.4703e-01 -6.5013e-01
7.4557e-01 -3.3107e-01
-5.2786e-01 6.8926e-01
8.6713e-02 -7.7836e-01
-6.7900e-01 -4.4823e-01
-8.8193e-02 -1.0734e+00
-7.5263e-01 -2.3314e-01
-6.7646e-02 6.9053e-01
-5.3897e-01 -1.5085e+00
-5.7592e-01 6.6807e-01
-3.2228e-02 -1.7785e+00
1.0759e+00 -1.4171e+00
1.2426e+00 -1.3252e+00
-7.3466e-01 6.4516e-01
-1.4268e-01 1.0446e+00
8.5538e-01 -3.2199e-01
-1.7614e+00 -6.9248e-01
-3.4473e-02 1.7239e+00
-7.1333e-01 1.6289e+00
-1.4705e-02 -7.3141e-01
1.1423e-01 -9.1945e-01
8.0160e-01 -3.9785e-01
-8.7602e-01 2.4874e-01
4.3497e-01 8.2811e-01
1.5345e+00 7.9503e-01
3.6122e-01 -8.9057e-01
1.3953e-02 -9.1906e-01
1.1728e+00 -1.3041e+00
7.3173e-01 5.3510e-01
-8.3181e-02 7.8900e-01
7.9661e-01 4.1397e-02
2.3724e-01 -1.7371e+00
1.3344e+00 1.1668e+00
-1.3719e+00 -1.1939e+00
-7.6350e-01 -4.4403e-01
-8.0052e-01 2.8895e-01
1.6113e+00 6.4170e-01
-4.6903e-01 -6.7433e-01
-6.8355e-01 1.3470e+00
8.4036e-01 -2.7966e-01
-1.3120e+00 1.1213e+00
1.6489e+00 -8.4929e-01
1.5538e+00 -8.4125e-01
-1.1636e+00 1.2599e+00
3.5479e-02 7.7749e-01
-1.2627e-01 -1.7465e+00
-1.7588e+00 -2.7939e-01
-1.2034e+00 1.3507e+00
-7.3951e-01 2.8691e-01
-9.4094e-01 -1.3493e+00
1.0315e+00 -1.2018e-01
-9.6869e-01 -2.3150e-02
1.1587e+00 -1.3440e+00
-1.2651e+00 1.2768e+00
-7.1409e-01 6.7103e-01
5.4202e-01 7.3310e-01
-1.7670e+00 -2.1160e-01
-1.1834e+00 1.3671e+00
-1.7418e+00 -5.9617e-01
-1.0735e-01 -9.7683e-01
-1.6555e+00 4.2473e-01
-1.2776e+00 -1.1459e+00
-1.8977e+00 2.5883e-01
8.9188e-01 -1.6650e-01
7.7973e-01 8.1642e-01
-2.6050e-01 -1.8131e+00
-1.4897e+00 7.4397e-01
-9.6266e-01 -2.3109e-01
-8.5973e-02 1.7662e+00
9.7733e-01 1.0755e-01
-2.7241e-01 8.6313e-01
1.5776e+00 9.8619e-01
-9.3982e-01 -1.6051e+00
1.6800e+00 1.4286e-01
2.8460e-01 8.4368e-01
-7.7063e-01 -1.5524e+00
-7.5143e-01 -5.0729e-01
1.7220e+00 -5.6332e-01
1.6164e-01 -9.1058e-01
1.5122e+00 7.5396e-01
-5.7872e-01 6.9584e-01
6.4292e-01 -6.1021e-01
-1.6195e+00 -5.9335e-01
-3.0819e-01 -1.7910e+00
-2.0121e-01 1.8089e+00
-1.6025e+00 6.6778e-01
-1.0550e+00 -1.3894e+00
6.1585e-01 6.4984e-01
-2.8490e-01 -6.9402e-01
-5.5456e-01 -1.6737e+00
8.2767e-01 -3.6797e-01
-1.8206e+00 -6.0007e-01
7.2990e-01 -1.7105e+00
-5.5514e-01 6.1903e-01
5.0074e-01 -1.7260e+00
-1.6362e-01 -1.8486e+00
7.9771e-01 3.2946e-01
-1.2159e+00 -1.3907e+00
-6.4528e-01 -6.4840e-01
7.9991e-01 1.4764e+00
1.8490e+00 2.2517e-01
-9.0198e-01 3.4066e-01
4.8668e-01 -5.1991e-01
-1.2135e+00 -1.2794e+00
-1.4517e-02 -1.8274e+00
-4.7323e-01 5.8735e-01
8.5174e-01 5.1449e-01
-5.3971e-01 -7.0409e-01
1.2545e+00 1.3031e+00
1.4692e+00 8.6990e-01
-9.8651e-01 -2.8576e-02
-9.7365e-02 9.0670e-01
-1.7647e+00 -3.2024e-01
3.1245e-01 1.5957e+00
-5.9054e-01 6.6604e-01
3.1071e-01 -9.4546e-01
-1.7811e+00 4.1930e-01
-1.2136e-02 1.9943e+00
-8.6129e-01 -3.1520e-01
-1.8547e+00 1.6081e-01
1.1605e+00 1.5825e+00
1.3302e+00 -7.3665e-01
-8.7357e-01 1.4517e+00
-2.4413e-01 1.0191e+00
-1.6136e+00 7.7167e-01
-1.6241e-01 7.5788e-01
-1.8451e+00 -1.9622e-01
-1.9066e+00 3.7660e-01
-1.1319e+00 1.4391e+00
-1.6901e+00 2.5590e-01
-8.4247e-01 -2.9603e-01
-7.8560e-01 6.0340e-01
5.2456e-01 -6.6479e-01
1.6677e+00 -4.4111e-01
7.8379e-01 -6.1331e-01
1.8322e+00 1.5008e-01
1.5158e+00 7.3252e-01
6.8857e-01 -5.5737e-01
-6.3125e-01 -9.0179e-01
8.9402e-01 3.7102e-01
-1.7737e+00 1.6960e-01
8.5973e-01 3.0051e-01
9.5764e-01 -2.3957e-01
3.5124e-01 -8.3464e-01
1.6707e+00 -2.3777e-01
1.3402e+00 -1.1951e+00
1.2500e+00 1.2657e+00
-6.6142e-01 -7.3872e-01
4.3201e-02 -8.5738e-01
-7.2426e-02 1.7962e+00
1.4705e-01 1.8234e+00
1.4628e-01 -8.8528e-01
8.0910e-01 -4.0097e-01
1.6455e+00 -5.4191e-01
7.3896e-01 3.7345e-01
-3.6096e-01 -1.7414e+00
1.7757e+00 -1.6035e-01
1.4195e+00 1.0923e+00
-8.6049e-01 2.2208e-01
-1.6374e+00 -4.4305e-01
-1.2873e+00 1.4684e+00
3.8950e-01 -1.7175e+00
-1.5733e+00 -1.8767e-01
1.0903e-01 -8.2794e-01
8.1989e-01 1.6549e+00
-1.1685e+00 1.4395e+00
8.3493e-01 2.4599e-01
-4.9419e-01 -7.0534e-01
1.3112e+00 1.2913e+00
6.7015e-01 3.3920e-01
3.4526e-01 -6.3064e-01
-1.8743e-01 7.6793e-01
-9.5127e-01 -4.9698e-01
9.3268e-01 6.9102e-03
-1.3469e+00 1.1866e+00
-1.1387e+00 1.4336e+00
8.4466e-01 -2.2769e-01
1.5935e+00 -9.1100e-01
-3.9430e-01 -8.0581e-01
9.2947e-01 -1.6000e-01
-1.4350e+00 -6.1473e-01
1.4879e-01 8.3604e-01
-1.7134e+00 2.4372e-01
6.4199e-01 -1.6045e+00
-8.5598e-01 1.7328e+00
1.4792e-01 -8.8255e-01
1.7351e+00 -5.7781e-01
-2.7328e-01 -9.8983e-01
-1.9929e-01 9.3606e-01
-7.6848e-01 5.9884e-01
7.6189e-01 3.5774e-01
-1.6902e+00 -2.7345e-02
-1.1058e+00 -1.0306e+00
1.1878e+00 1.4512e+00
-6.6236e-01 -7.6851e-01
-3.1624e-01 -8.2497e-01
1.4209e+00 -8.3542e-01
-8.1527e-01 -3.4954e-01
-8.3798e-01 -1.6546e+00
1.2469e+00 -1.2807e+00
-8.6463e-01 1.1309e-01
-1.3602e-01 -9.1900e-01
4.4677e-01 6.7770e-01
1.3309e-01 1.0170e+00
-1.7343e+00 1.3134e-01
9.1301e-01 -2.6834e-02
-1.8127e+00 -2.1868e-01
-3.2146e-01 1.8665e+00
1.5835e+00 8.9055e-01
-5.7878e-01 -8.2990e-01
6.8985e-01 6.6103e-01
-1.1975e+00 1.3063e+00
-9.9985e-02 -8.6336e-01
8.8584e-01 1.3298e-01
-8.2403e-01 -2.0325e-01
-6.8956e-01 6.7481e-01
8.2621e-01 3.7875e-01
-3.8872e-01 -1.6289e+00
-1.2903e+00 -1.3611e+00
-8.3265e-01 -3.7463e-01
-2.7772e-01 -8.0185e-01
3.2760e-01 -6.6487e-01
-6.0085e-01 -8.5483e-01
7.6891e-02 1.8728e+00
8.6666e-01 9.3642e-02
1.8122e+00 -1.6216e-02
1.9352e-02 -9.8276e-01
-1.6375e+00 9.1345e-01
-3.9655e-01 1.8477e+00
-1.4930e-01 9.1452e-01
3.0976e-01 -6.7760e-01
-1.4931e-01 9.1308e-01
-4.5634e-01 9.0827e-01
-4.6017e-01 -1.7724e+00
-9.5545e-01 1.6167e+00
1.7130e+00 5.9593e-01
1.2696e+00 -1.1926e+00
-8.1702e-01 -2.1171e-01
-6.6386e-01 1.5076e+00
3.1545e-01 9.1059e-01
-2.2543e-01 8.6078e-01
-3.7576e-01 8.5725e-01
4.5463e-02 -8.4092e-01
-2.4703e-01 7.5146e-01
-9.9314e-01 1.4335e+00
1.2194e+00 1.3054e+00
1.6796e+00 2.9449e-01
7.5456e-01 -2.4937e-01
4.6216e-01 7.2234e-01
7.0140e-01 5.5255e-01
-6.3238e-01 6.0347e-01
4.3040e-01 7.2269e-01
8.6894e-01 -3.6291e-01
-7.2194e-02 -1.7434e+00
-4.9598e-01 5.9011e-01
-8.0678e-01 -3.3160e-01
-5.9815e-01 -1.7589e+00
9.6893e-01 -1.5930e+00
-1.0136e+00 -1.4006e+00
7.6585e-01 -4.4227e-01
-5.2955e-01 7.9078e-01
1.7447e+00 -2.4260e-01
8.8117e-01 1.5438e-01
8.3630e-01 -1.4404e-01
-9.4742e-01 1.3684e-01
-1.6445e+00 2.8389e-02
1.7916e-02 7.5519e-01
-5.3604e-01 1.5354e+00
-1.7411e+00 -6.0296e-01
-2.4920e-01 1.6814e+00
1.2893e+00 1.0345e+00
-1.1493e-01 1.8533e+00
-1.0360e+00 -1.4280e+00
7.6575e-01 2.9675e-01
6.3344e-01 1.9152e+00
7.1552e-01 1.9096e-01
-1.6049e+00 8.6256e-01
-5.4399e-01 -6.5861e-01
3.9298e-01 5.7825e-01
-1.3974e+00 -1.1133e+00
6.5653e-01 1.5662e+00
-4.5353e-01 -7.3396e-01
-6.3924e-01 -3.1704e-01
-6.6625e-01 -3.5410e-01
-7.2602e-01 6.3565e-01
-2.7442e-01 -9.6225e-01
1.8168e+00 -1.1079e-01
6.1547e-01 -1.8510e+00
5.5103e-01 6.8879e-01
-1.5977e-01 -9.0876e-01
1.3723e+00 1.1375e+00
5.2055e-01 1.9227e+00
-9.1781e-01 2.6648e-01
-8.8519e-01 -3.6639e-01
-6.4086e-01 -6.3200e-01
7.9641e-01 1.6615e+00
-8.2823e-01 3.1613e-01
9.3889e-01 8.6803e-02
-1.7119e+00 -2.7499e-01
6.2466e-01 1.5206e+00
-1.4898e-01 8.3722e-01
-1.6126e+00 -6.7636e-01
-5.0866e-01 4.5253e-01
1.3944e-02 8.7970e-01
-1.9103e+00 -4.1943e-01
9.6663e-01 1.2742e-01
7.1624e-01 -5.7075e-01
4.3830e-01 9.7008e-01
7.2908e-02 9.2763e-01
-1.6082e+00 2.9748e-01
1.2042e+00 1.4054e+00
8.8439e-01 -1.4553e+00
2.2675e-01 -1.6992e+00
1.7972e+00 5.4660e-01
-1.1807e+00 -1.3890e+00
5.9246e-01 1.6596e+00
5.4789e-01 -8.6688e-01
5.0013e-01 1.6862e+00
-9.9371e-02 -1.9236e+00
4.3067e-01 8.4975e-01
1.6753e-01 1.0248e+00
-7.0549e-01 -1.6002e+00
-7.6373e-01 3.0454e-01
-4.9292e-01 -8.4026e-01
-7.1918e-01 1.6358e+00
-4.9925e-01 8.2693e-01
-7.3981e-01 1.6455e+00
8.5633e-02 -8.3895e-01
-1.0055e+00 -6.2980e-02
-5.7351e-01 8.1098e-01
1.3061e+00 -1.3747e+00
4.7309e-01 -1.9099e+00
1.7734e-01 8.9611e-01
-8.9641e-01 -3.4728e-01
1.4463e+00 9.1873e-01
5.9912e-01 -7.6183e-01
9.4948e-02 1.7037e+00
-5.7140e-01 1.6446e+00
2.7995e-03 1.6290e+00
-6.6026e-01 -6.8307e-01
-2.1425e-01 8.4828e-01
-3.3476e-01 8.4917e-01
-5.8267e-01 -1.8307e+00
1.5459e+00 -1.1041e+00
1.6181e-01 7.5017e-01
-6.6046e-01 5.2771e-01
-8.6285e-01 3.9736e-01
7.9542e-01 2.2444e-01
-1.7274e+00 -4.5694e-02
-3.0987e-01 -8.0805e-01
5.4039e-01 -8.9825e-01
-1.7340e+00 6.1732e-01
5.6834e-01 7.1286e-01
-9.9591e-01 1.5103e+00
1.7558e+00 1.2733e-04
-9.8564e-01 1.6309e+00
9.2022e-01 9.7893e-02
1.6580e+00 6.4630e-01
8.8639e-01 -1.1225e-01
-1.3869e-01 -1.8143e+00
9.3854e-01 1.5717e+00
1.0393e+00 2.2120e-01
1.1209e+00 -1.2105e+00
-6.1719e-01 5.9357e-01
1.6057e+00 -6.6525e-01
1.2538e+00 1.2040e+00
-9.3176e-01 1.0877e-01
-1.0754e+00 -1.4337e+00
7.1207e-01 -1.5141e-01
5.8504e-02 8.4897e-01
1.4300e+00 -1.0545e+00
1.7612e+00 2.9709e-01
-6.9485e-01 1.5988e+00
1.8438e+00 8.0458e-01
3.4426e-01 1.5503e+00
-1.3779e+00 -9.2668e-01
1.7960e+00 -2.0787e-01
8.2405e-01 5.1668e-01
-2.7650e-01 -9.7195e-01
-8.6870e-01 2.1308e-01
6.7210e-01 5.5417e-01
-1.4409e+00 1.1271e+00
-5.7200e-01 7.3559e-01
9.1618e-02 1.8591e+00
1.6982e+00 -7.5141e-01
1.2520e+00 -1.3268e+00
2.0059e-01 -9.5447e-01
-1.3574e+00 1.2485e+00
8.7738e-01 -2.1518e-01
-2.2877e-01 -7.4411e-01
9.1788e-01 8.8109e-02
-6.3611e-02 -8.7088e-01
-5.4643e-01 -8.7022e-01
-9.3233e-02 8.4895e-01
1.3301e+00 -1.1837e+00
5.3423e-01 -6.7270e-01
9.8221e-01 3.5645e-01
-2.9780e-01 1.6324e+00
-1.8250e+00 5.3596e-01
-1.4795e+00 1.0847e+00
-3.3571e-01 1.7337e+00
8.0216e-01 -1.5112e-01
-1.3712e+00 1.1352e+00
-1.8299e+00 -1.0714e-01
3.0129e-01 1.6822e+00
-1.6038e+00 -6.4534e-01
-5.9511e-01 1.7266e+00
7.0050e-01 -1.6024e+00
1.8654e+00 4.0719e-01
-6.5614e-01 -1.4962e+00
-9.0185e-01 5.9477e-02
1.3935e+00 9.5179e-01
1.2142e+00 1.2674e+00
-7.8494e-01 -2.2085e-01
-1.7094e+00 -2.1681e-01
6.3261e-01 6.7880e-01
1.8408e+00 -6.2173e-02
-1.7993e+00 4.1892e-02
-9.2753e-01 1.3796e+00
-3.9231e-01 -6.6326e-01
-3.4815e-01 7.7218e-01
-1.4392e+00 1.0741e+00
9.0500e-02 -8.2554e-01
7.7173e-01 -5.6583e-01
-1.7663e+00 -6.1548e-01
8.2340e-01 -3.7361e-01
1.0990e-01 8.6038e-01
1.7581e+00 5.9394e-01
-3.4451e-01 1.7816e+00
-3.9575e-01 -1.6795e+00
3.9252e-01 -8.7470e-01
-1.0798e+00 -1.5668e+00
4.2489e-01 -1.6691e+00
1.2513e+00 1.1493e+00
-8.0196e-01 -1.5628e+00
-1.2136e+00 1.2603e+00
-5.7782e-01 -5.9715e-01
5.1827e-01 5.8924e-01
1.4334e+00 9.8729e-01
6.2107e-02 -1.6670e+00
1.6906e-01 1.8127e+00
-8.2487e-01 5.9758e-02
6.6870e-01 -7.0511e-01
-8.8952e-01 -1.5473e+00
1.0089e+00 1.3790e+00
-1.3497e+00 1.0585e+00
1.5235e+00 1.1091e+00
1.5735e+00 6.5990e-01
-9.2866e-01 1.1405e-01
9.2184e-01 1.8043e-01
8.0368e-01 1.5749e-01
-3.7280e-01 -6.6523e-01
-5.5684e-01 4.9930e-01
7.2075e-01 -6.3510e-01
-1.7399e+00 7.1369e-01
3.6006e-01 -1.7934e+00
9.9705e-01 -1.3219e+00
6.1028e-02 -1.6973e+00
4.3899e-01 7.8847e-01
6.3468e-01 -7.6692e-01
9.8828e-01 -4.3887e-01
-1.7715e+00 -5.6550e-01
1.1467e+00 -1.5246e+00
9.8241e-01 4.5391e-02
8.0599e-01 -3.4008e-01
-3.7292e-01 -9.1787e-01
-1.2908e+00 1.2689e+00
1.5940e-01 -9.0216e-01
5.7248e-01 3.2804e-01
8.8697e-01 -1.5915e+00
-6.6513e-01 -1.6235e+00
4.3190e-01 1.8801e+00
-1.7122e+00 4.9282e-01
6.6099e-01 -5.3271e-01
-1.0670e+00 -1.5138e+00
1.6629e+00 7.4195e-01
1.8048e+00 -1.5299e-01
8.6997e-01 1.5453e+00
9.9115e-01 9.7645e-02
-1.2582e+00 -1.1913e+00
-2.7679e-01 -8.4552e-01
2.3771e-01 8.8475e-01
1.6036e-01 -8.4978e-01
-3.4986e-02 7.1384e-01
-1.5543e+00 -8.7402e-01
6.3597e-02 1.8428e+00
3.2075e-02 -1.7582e+00
-5.3556e-01 -5.5387e-01
-1.6082e+00 -7.0566e-01
-1.6071e+00 7.2041e-01
1.0463e+00 -1.3914e+00
1.4454e+00 -1.1398e+00
-1.7412e+00 4.6212e-01
-1.2890e+00 -1.0850e+00
-3.2945e-01 6.8747e-01
1.9048e+00 3.1858e-01
2.3628e-01 9.0671e-01
-8.1776e-01 1.0150e-01
-8.4013e-01 1.4802e-01
7.7763e-01 -1.6336e-01
5.3765e-01 -8.3483e-01
-6.7748e-01 5.5862e-01
6.4940e-01 -7.3351e-01
-1.8021e+00 3.6429e-01
-1.3200e+00 -1.3298e+00
-1.6081e+00 9.6183e-01
8.0634e-01 1.5717e-01
5.1243e-02 -9.4170e-01
-1.4924e+00 -9.8900e-01
2.3982e-01 1.6556e+00
1.6935e+00 -7.9458e-01
8.4800e-01 -9.9205e-02
9.1256e-01 1.6419e+00
8.2141e-01 5.3544e-01
-3.2021e-01 -7.0586e-01
-7.3978e-01 -5.9270e-01
7.6608e-01 5.6527e-01
1.3302e+00 1.1371e+00
1.6848e-02 8.7770e-01
-6.6240e-01 -4.2277e-01
-1.7932e+00 5.2932e-01
-1.6612e+00 -3.2879e-01
-5.6195e-01 -6.5412e-01
-1.8127e+00 -2.1554e-01
-1.7682e+00 -1.4182e-01
4.0283e-01 9.5364e-01
-5.1149e-02 -9.4763e-01
1.0644e+00 1.5649e+00
-4.1450e-01 -9.3204e-01
-8.6103e-01 -6.7984e-02
-4.5204e-01 1.8398e+00
-1.7377e-01 -7.6464e-01
1.6864e+00 3.5085e-01
-5.5794e-01 -5.1765e-01
9.5232e-01 7.2901e-02
-1.9026e+00 -1.9546e-01
-9.6572e-01 1.4395e+00
-8.1043e-01 1.5034e+00
-9.3455e-01 2.1116e-01
1.6245e+00 5.7176e-01
4.1656e-01 -1.6927e+00
1.3141e+00 -1.0092e+00
-7.6165e-01 -1.5349e+00
5.4660e-01 -6.7124e-01
9.1747e-01 -1.4229e-01
-1.0134e+00 9.1847e-02
-6.3850e-01 7.7480e-01
-6.5708e-01 -6.0033e-01
1.0935e+00 1.4884e+00
-5.9433e-01 6.8307e-01
-1.7053e+00 -4.2425e-02
3.8715e-01 9.2948e-01
8.7194e-01 -1.5546e+00
-4.3836e-01 7.3475e-01
6.2791e-01 -1.6506e+00
-5.7358e-02 -7.7373e-01
-6.5372e-01 7.9894e-01
8.5370e-01 -1.5472e+00
8.1353e-01 4.4368e-01
3.0178e-01 7.5119e-01
1.5018e+00 -1.2028e+00
3.9617e-01 -1.8088e+00
-7.0156e-01 6.1009e-01
1.8368e+00 -3.6323e-01
2.3432e-01 1.6950e+00
1.6771e+00 -1.2060e+00
-8.2321e-01 1.5807e+00
1.5651e+00 -7.9653e-01
-7.4932e-01 1.7519e-02
-6.6009e-01 4.4345e-01
-5.4570e-01 -8.3139e-01
4.7624e-01 8.4943e-01
1.7032e+00 -5.6807e-01
8.6195e-01 -1.9039e-01
-1.6155e+00 9.0800e-01
7.8536e-01 1.6223e+00
1.4972e-01 -9.4398e-01
4.2379e-01 1.7791e+00
-3.1106e-01 -7.0511e-01
8.0377e-01 -1.7114e+00
6.0131e-01 1.7729e+00
8.2179e-01 1.5536e+00
-5.9661e-01 7.6722e-01
6.5493e-01 5.7623e-01
6.9839e-01 1.8732e-01
7.9951e-01 -1.8360e+00
9.6440e-01 -2.1140e-01
-4.3516e-01 -7.1054e-01
-1.6400e+00 -6.0400e-01
1.2892e+00 1.3476e+00
1.7890e+00 -1.5733e-01
-1.7592e+00 4.7381e-01
-6.4361e-01 -6.8119e-01
7.2383e-01 5.6879e-01
7.2508e-01 5.7145e-01
8.4486e-01 5.2210e-02
-1.3350e-01 9.9597e-01
1.9137e-02 -1.0099e+00
7.0212e-01 -7.3949e-01
7.2696e-01 -3.9860e-01
-7.4653e-01 3.3929e-01
1.2114e+00 -1.3007e+00
1.0315e+00 1.3826e+00
8.3250e-01 4.1299e-01
-2.9277e-01 8.7124e-01
6.6147e-01 -4.9433e-01
-1.3234e+00 -1.1349e+00
-7.7522e-01 5.3109e-01
3.6219e-01 -1.6742e+00
-7.4335e-01 3.9467e-01
-8.0310e-01 3.6389e-01
-8.8617e-01 -1.4590e+00
1.5614e+00 -6.7281e-01
-1.7579e+00 -2.6344e-02
-2.2272e-01 1.0750e+00
-8.6820e-01 -4.3660e-01
-1.5694e+00 -3.2431e-01
-1.5749e+00 -5.6703e-01
-6.9824e-01 -6.2430e-01
1.4558e-01 1.7811e+00
1.5925e+00 -8.5410e-01
6.5185e-01 4.0585e-01
-1.5748e+00 -9.1635e-01
9.0879e-01 -1.0963e-01
-1.8097e-01 -8.2615e-01
1.8048e+00 -2.9379e-01
-1.0864e+00 1.1931e+00
-8.3093e-01 1.9304e-01
-9.4962e-01 8.2238e-03
1.0635e+00 -1.3635e+00
1.6832e+00 -2.2326e-01
-1.1589e+00 -1.6389e+00
1.6372e+00 -9.9205e-01
1.7729e+00 5.3154e-03
-8.3297e-02 9.9467e-01
-8.5081e-01 -3.6848e-01
-8.1319e-01 -4.0586e-01
-1.7569e+00 7.3985e-01
1.0428e+00 1.5810e+00
-3.4076e-01 1.6199e+00
5.9039e-01 5.3852e-01
-8.8611e-01 1.7671e+00
9.7136e-01 -1.0475e-01
-6.4051e-01 -4.7139e-01
3.9845e-01 -9.5380e-01
-9.6844e-01 -2.1710e-01
-2.2386e-01 -7.7233e-01
-1.8159e+00 5.4632e-02
-9.0143e-01 1.5489e+00
1.6970e+00 -2.1644e-01
1.7510e+00 4.7894e-01
7.0378e-01 6.9985e-01
4.1208e-01 -7.2597e-01
1.5178e+00 -8.6496e-01
-9.5912e-01 -3.2913e-01
1.7582e+00 1.1868e-01
8.2467e-01 1.6710e+00
7.4436e-01 5.9787e-01
-1.6915e+00 3.6754e-01
-1.3255e+00 1.1005e+00
1.6546e+00 -6.7176e-01
-5.0916e-01 5.6926e-01
-1.4415e-01 -8.2597e-01
-1.7733e+00 8.3547e-02
-4.9477e-01 -7.8642e-01
-5.9429e-01 1.6526e+00
-1.6888e+00 5.1535e-01
-1.8466e-01 -8.2443e-01
5.5580e-01 -1.8636e+00
-1.3781e+00 -1.1374e+00
1.3769e+00 9.2772e-01
-1.5447e-01 7.6514e-01
-8.3335e-01 1.5598e+00
1.2339e+00 -1.4022e+00
9.7988e-01 1.4311e+00
7.9286e-01 -1.5405e-01
6.9816e-01 -6.7417e-01
2.5418e-01 -1.7111e+00
9.1138e-01 1.6617e+00
-5.0934e-01 8.8911e-01
-7.3007e-01 -5.0915e-01
5.0258e-01 6.2953e-01
1.7731e+00 -5.9331e-01
8.1141e-01 1.5548e+00
-4.6185e-01 5.4458e-01
-5.8177e-01 -6.1489e-01
1.7589e+00 1.3463e-01
-8.5421e-01 -1.6225e+00
5.7170e-01 7.3168e-01
-7.5860e-02 6.7947e-01
1.0968e+00 -1.4772e+00
7.1424e-02 5.8476e-01
-4.9053e-01 -6.1534e-01
-1.7936e+00 -4.4636e-01
8.4638e-01 -1.9557e-01
-1.9248e+00 3.4664e-01
5.8441e-01 1.6903e+00
-1.8356e+00 5.4077e-01
-1.6037e+00 1.0523e+00
1.9043e-01 -7.4866e-01
6.3820e-01 -1.6964e+00
-8.2262e-01 -5.4850e-01
-1.1783e+00 1.2982e+00
-2.2474e-01 -8.2627e-01
7.9475e-01 -2.8042e-01
-1.0152e+00 3.4961e-01
-1.8137e+00 -4.1932e-01
-1.2535e+00 -1.3397e+00
-7.2525e-01 -1.5970e+00
-3.2122e-01 -1.7934e+00
-3.9383e-01 7.7815e-01
9.5901e-02 8.3630e-01
-6.2354e-01 -3.0166e-01
-9.6083e-02 -1.9317e+00
2.0813e-01 -9.3506e-01
-6.3190e-01 -6.0996e-01
-9.6950e-01 -7.6868e-02
-4.7482e-02 9.2626e-01
3.8902e-01 1.6448e+00
-1.7541e+00 5.6436e-01
1.6179e+00 8.0835e-01
-8.3091e-01 1.2659e-01
6.4431e-01 -6.1039e-01
7.4740e-01 -4.6110e-01
-1.4411e+00 -1.1816e+00
4.8502e-01 7.7560e-01
-7.5579e-01 -4.5737e-01
1.9520e-01 -8.1617e-01
2.6638e-01 -8.7471e-01
-1.6068e+00 -8.3886e-01
8.3441e-01 1.1066e-01
4.3420e-01 5.9683e-01
5.4896e-01 -7.2907e-01
7.6528e-01 5.5004e-01
-6.0562e-01 6.8466e-01
4.9433e-01 -1.6449e+00
-3.4812e-02 8.8953e-01
-1.7050e+00 3.9000e-01
-6.1660e-01 -7.9428e-01
-5.2240e-01 5.5475e-01
-8.8393e-01 -1.3010e-01
-1.3019e+00 -1.1607e+00
-9.1967e-01 -1.5938e-01
6.4417e-01 -7.2753e-01
1.3207e+00 -1.2223e+00
1.2062e-01 -1.6671e+00
1.0292e+00 -1.4466e+00
5.7305e-01 -1.7359e+00
3.8011e-01 6.9543e-01
-1.3317e+00 -1.1033e+00
8.7764e-01 2.1213e-01
-1.4242e+00 1.0644e+00
-8.2331e-02 8.3852e-01
1.7881e+00 -3.1700e-01
1.6840e+00 -6.2675e-01
5.9239e-01 5.9169e-01
-2.5332e-01 9.9591e-01
-8.5331e-01 -2.8658e-01
-6.6056e-01 4.3731e-01
4.3291e-01 -1.0306e+00
-1.3101e+00 -1.0481e+00
3.1794e-01 -1.7523e+00
6.2253e-01 1.6726e+00
4.5015e-01 1.7432e+00
-8.8258e-01 6.8016e-02
9.8311e-01 -1.7764e-01
-9.0222e-01 1.4393e-01
4.8815e-01 5.9720e-01
-2.6839e-01 6.9534e-01
-4.4301e-01 -9.7964e-01
8.1411e-01 -1.6130e+00
6.3966e-01 -1.6641e+00
4.0105e-01 1.7241e+00
9.6154e-01 1.3055e+00
-6.1452e-01 5.0066e-01
7.9446e-01 -1.6359e+00
-4.1434e-01 -7.5304e-01
-1.7484e+00 5.8216e-01
-1.1717e+00 -1.4471e+00
-7.6156e-01 -1.5672e+00
5.1994e-01 -6.7982e-01
-2.4293e-01 -8.8150e-01
1.2605e+00 1.3163e+00
9.2236e-01 4.8337e-01
-1.3716e+00 -7.5835e-01
-9.3585e-01 1.6577e-01
1.7873e+00 5.6373e-01
5.3838e-01 7.5321e-01
-1.5009e-02 -9.7151e-01
-1.1532e-01 8.0560e-01
1.5338e+00 -4.1199e-01
8.7017e-01 -4.1402e-01
7.8649e-01 -4.4833e-01
8.5035e-01 1.2416e-01
4.0361e-01 7.8541e-01
-4.8149e-02 -1.6896e+00
5.8796e-01 -4.6426e-01
1.4294e+00 1.0047e+00
-6.9817e-01 -1.5884e+00
-9.0609e-01 -1.5772e+00
-1.8484e+00 5.1500e-01
-6.1270e-01 1.7465e+00
6.3397e-01 1.6660e+00
-7.1128e-01 3.3759e-01
-9.4815e-01 -2.4478e-01
9.3589e-01 4.2963e-01
-8.4442e-01 -1.5294e+00
1.9617e-01 -9.3018e-01
2.7149e-01 1.8973e+00
8.7920e-01 4.2814e-01
2.5452e-01 1.6165e+00
3.2984e-03 -9.5264e-01
4.2589e-01 -6.2140e-01
8.2599e-01 1.6533e+00
-2.2902e-02 1.7107e+00
8.1174e-01 1.5450e+00
4.7952e-01 -6.7373e-01
3.3924e-01 8.5652e-01
-2.2118e-01 1.7170e+00
-1.4164e+00 1.1971e+00
1.7250e+00 5.1677e-01
7.8152e-01 1.7589e-01
-7.3794e-01 1.7158e+00
1.0291e+00 -1.3219e+00
1.9076e+00 4.7874e-01
-1.0318e+00 2.1677e-01
7.2718e-01 -3.7828e-01
-7.1005e-01 4.1912e-01
4.5017e-01 9.4206e-01
-1.5621e+00 6.0729e-01
-7.3930e-01 1.6473e-01
-1.1198e-01 1.7552e+00
-1.6715e+00 -8.4908e-01
9.5284e-01 -9.7463e-02
6.1712e-01 7.9248e-01
1.6576e+00 -3.6013e-01
1.7197e-01 1.0794e+00
-1.4216e+00 1.1751e+00
1.4793e+00 1.0038e+00
6.7251e-01 3.4881e-01
-3.1715e-01 -1.7612e+00
-7.3572e-02 8.4172e-01
4.9370e-01 -7.8992e-01
4.8395e-01 -8.1455e-01
4.5403e-01 -8.0862e-01
7.4347e-01 6.1357e-01
1.3037e+00 -1.2749e+00
-5.1938e-01 -6.7442e-01
4.0007e-01 -9.3886e-01
8.3566e-01 -1.5176e+00
-8.4920e-01 -3.5919e-01
-2.6950e-01 1.7233e+00
-6.6961e-01 5.3144e-01
5.8220e-01 -7.1943e-01
5.2344e-01 -6.3941e-01
1.7457e+00 -4.3935e-01
1.4992e+00 -6.9714e-01
-5.5890e-01 5.8896e-01
7.0722e-01 -3.3579e-01
-6.1822e-01 1.7511e+00
-4.2069e-01 7.5974e-01
-2.1684e-01 8.8090e-01
1.6432e+00 1.0369e+00
1.7084e+00 3.4175e-01
-4.9150e-01 1.7688e+00
7.8156e-01 4.3626e-01
1.7701e+00 -2.1300e-01
-8.1670e-01 -1.8857e-01
1.0458e+00 1.4817e+00
2.7433e-01 1.6597e+00
8.2504e-01 -5.1778e-01
-3.8818e-01 1.7699e+00
-1.0444e+00 1.2419e+00
1.6725e+00 6.9354e-01
3.3762e-01 -1.6654e+00
1.3846e-01 -9.9160e-01
-6.5451e-01 -1.6460e+00
-1.3608e+00 1.2588e+00
-1.2505e+00 -1.3105e+00
7.8439e-01 1.4644e+00
9.9585e-01 -1.4067e-01
-4.7395e-01 -1.0789e+00
8.0717e-02 8.6866e-01
1.5563e+00 -1.0661e+00
-1.0342e+00 -9.1634e-02
3.7617e-01 7.1617e-01
-9.6137e-03 1.0501e+00
1.8246e+00 3.1430e-01
-8.8156e-01 1.0583e-01
6.9958e-01 1.8077e+00
2.0001e-01 9.0473e-01
-8.8419e-01 -2.9581e-01
1.5707e+00 -7.2848e-01
5.8675e-01 7.1760e-01
4.2776e-01 7.5092e-01
3.9093e-01 -1.6701e+00
-5.8276e-01 6.0034e-01
7.3305e-01 1.6152e+00
1.7051e+00 -5.5974e-02
-2.9597e-01 -7.9395e-01
-5.5203e-01 9.0507e-01
-1.6961e+00 7.3360e-01
4.4551e-02 1.9418e+00
-5.0553e-01 -7.1611e-01
-1.3437e+00 -9.6376e-01
7.1690e-01 -1.7039e+00
-5.8254e-01 5.7376e-01
-1.4101e+00 1.1671e+00
-1.2060e-01 -7.4044e-01
-6.1278e-01 -8.9273e-01
1.0977e+00 1.3815e+00
3.4600e-01 -7.4256e-01
1.0692e+00 -1.6027e+00
3.1635e-02 -9.8104e-01
-1.3901e+00 1.2191e+00
-1.1133e+00 -1.3851e+00
-1.5049e+00 -9.1620e-01
-6.1206e-01 -5.0874e-01
-8.5677e-01 -4.5922e-01
-1.1565e+00 1.2673e+00
7.2160e-01 3.2053e-01
-1.0584e+00 -1.6893e-01
-5.9208e-01 -4.8460e-01
1.7467e+00 3.8652e-01
-8.0836e-01 2.1420e-01
-1.6053e+00 9.7785e-01
8.3991e-01 1.7573e-01
1.9191e+00 2.1593e-01
5.5519e-01 8.5354e-01
-8.9188e-01 4.1323e-01
9.8899e-01 9.9881e-01
7.8002e-01 2.8005e-01
-7.9443e-01 4.4725e-01
8.6874e-01 -1.8817e-01
-7.5305e-01 3.2378e-01
-7.2575e-01 4.4364e-01
8.0505e-01 2.9749e-01
-6.6173e-02 -1.8722e+00
-3.6632e-01 1.7726e+00
-8.3887e-01 -4.2270e-01
1.7149e+00 -5.1654e-02
5.1901e-01 -1.6619e+00
8.1758e-01 1.3010e+00
1.7697e+00 -1.9516e-01
-3.6174e-02 9.7605e-01
1.2667e+00 1.5627e+00
-1.8065e+00 -1.3241e-01
8.4515e-01 1.6553e+00
1.8668e+00 2.9823e-01
6.9284e-01 -5.5719e-01
-1.9743e-01 -1.8948e+00
-1.8276e+00 1.2798e-01
-1.5723e+00 1.7098e-02
-7.9419e-02 1.6725e+00
1.5188e-01 8.4549e-01
-1.8050e+00 1.5208e-01
-2.7541e-01 9.0731e-01
-1.6347e+00 -1.3777e-01
7.0980e-01 4.5387e-01
-1.2764e-01 -1.0420e+00
-1.0475e+00 1.4693e+00
-5.6470e-01 -7.6400e-01
-8.4938e-01 8.3068e-02
2.1230e-01 1.7129e+00
-9.3104e-03 -1.1297e+00
-1.6389e-01 -1.8982e+00
-1.7463e+00 3.7726e-03
1.8893e-01 9.5695e-01
1.6194e+00 -6.4663e-01
7.4926e-01 4.0708e-01
-2.2927e-01 7.9380e-01
-4.2236e-01 -7.5212e-01
-1.0039e+00 -2.6626e-01
-7.1350e-01 -5.6300e-01
4.4584e-01 8.1594e-01
-1.2136e-01 8.4817e-01
-7.2157e-01 -1.5947e-01
7.5449e-01 -3.4775e-01
-9.0631e-01 4.2339e-01
-8.8756e-02 8.8464e-01
1.0243e+00 2.8844e-01
-1.7109e+00 6.1918e-01
-1.8456e-01 1.7603e+00
1.3074e+00 1.1705e+00
9.0320e-01 -1.5137e+00
2.4256e-01 7.7381e-01
7.5698e-01 -1.8267e+00
-1.7752e+00 -1.2936e-01
1.2804e+00 1.2269e+00
-8.5028e-01 -2.3650e-02
-1.6669e+00 -9.2814e-01
9.0550e-01 1.7924e-01
-9.5933e-01 -1.0878e-01
-1.3392e+00 1.1485e+00
1.5570e+00 7.1274e-01
2.4865e-01 -1.0331e+00
-9.1791e-01 1.4831e+00
3.8643e-01 9.2791e-01
9.4419e-01 -3.7680e-01
-8.9022e-01 4.5228e-01
-1.7179e+00 -3.5366e-01
-1.7816e+00 6.9329e-01
-1.1897e+00 1.4209e+00
8.5637e-01 2.9709e-03
-8.7769e-01 2.8816e-01
7.4808e-01 -5.7910e-01
9.1720e-01 1.5761e+00
6.9603e-01 4.0277e-01
1.6248e+00 4.0116e-01
-5.7336e-01 -3.9831e-01
3.4927e-01 8.1359e-01
-8.4435e-01 -1.7348e+00
1.4612e+00 -9.8512e-01
5.3577e-01 1.8288e+00
-8.5012e-01 1.3699e+00
1.7021e+00 -5.2703e-01
-2.8033e-01 -1.7145e+00
-1.2993e-01 -1.8377e+00
1.0100e+00 -1.5560e+00
1.7298e+00 -7.4214e-01
-2.8304e-01 -8.3774e-01
-6.4081e-02 -1.0110e+00
-1.5529e+00 -7.0095e-01
2.1530e-01 8.6366e-01
-8.9215e-01 -2.3762e-01
1.2831e+00 -1.2023e+00
8.6414e-01 3.6009e-01
9.0012e-01 -1.6445e-01
-6.7995e-01 -6.2102e-01
1.1503e+00 1.3464e+00
5.8074e-01 7.9334e-01
-1.2737e+00 -1.1180e+00
7.7247e-01 -3.9196e-01
9.0894e-01 -4.7840e-03
-2.5142e-01 8.2097e-01
9.9044e-01 1.4861e+00
6.8361e-01 3.2433e-01
1.5303e+00 1.1166e+00
5.4729e-01 5.6243e-01
-2.8137e-01 -1.7669e+00
4.8482e-01 5.7453e-01
8.0927e-02 1.9025e+00
1.3267e+00 1.0794e+00
-1.3638e-01 -1.7442e+00
1.6026e+00 -6.0660e-01
-1.5699e+00 8.7269e-01
6.4450e-01 -6.1306e-01
4.2131e-01 -1.5848e+00
-7.4885e-01 1.3776e-01
5.5418e-01 -1.6710e+00
-1.2152e+00 1.4162e+00
-4.2738e-01 7.7651e-01
3.9691e-01 -7.2227e-01
8.4495e-01 6.2221e-02
7.2594e-01 4.9072e-01
-6.1711e-01 -6.3834e-01
3.0292e-02 -1.6869e+00
1.6320e+00 -1.0684e+00